0.0383729965312
0.0663248149299
0.0606950332711
0.0582474170444
0.116627399294
0.0331835486007
0.0525449634231
0.307121114966
0.0640640837061
0.0346142463869
0.0586451438778
0.0654034924845
0.0502930334272
0.0474249126987
0.0593483391154
0.0501993937256
0.0626154888169
0.0444362977533
0.0261335419334
0.0338635969562
0.0308466227311
0.026498443859
0.0275772301692
0.0240562382201
0.27538682408
0.029386800801
0.0377845381666
0.0334298374053
0.045946863979
0.0217942906625
0.0619166926247
0.0498608917139
0.024475202501
0.0354929042961
0.00944309932459
0.044242132453
0.0611890664114
0.0471462777456
0.165955810301
0.0124743146003
0.0953806501688
0.0478862949115
0.198748664226
0.029976158332
0.0248816518334
0.0259931583562
0.0149123118447
0.0234811564331
0.0227193883941
0.0524841330482
0.315866528489
0.00640507137342
0.0315704485519
0.0160809401151
0.0320225097367
0.0966014825857
0.0333141409454
0.00997606291274
