0.00429401370804
0.00177349281148
0.00151431767969
0.0130839099394
0.00909114358594
0.00481698224166
0.0045821226777
0.113075064721
0.0026532393924
0.00219846154104
0.00405243330217
0.00704599612342
0.000636525514977
0.00122491491055
0.0013242688424
0.00278457914938
0.00151455316623
0.000883620760353
0.00728675584941
0.00160651090868
0.00156953578816
0.000500358547226
0.00394584905218
0.00660682811565
0.00041692705748
0.00243517459521
0.000540725580245
0.00364085751112
0.00154135241793
0.00308996669973
0.00514674932644
0.00265533682899
0.000427667461277
0.00636804135838
